0,1,2
28.193739790392495,-0.9875878755227877,8.073624314639948
-28.38634427281443,6.356068809188625,1.2636796257910883
107.60936236242645,-14.998041837021352,-0.5994329096831573
3.183146114579472,0.0304931182576225,-3.0224594309472277
-42.90188507764697,-12.195742764837064,4.71431976040175
1.710506213620075,-5.264324748041415,-7.68896531209586
-26.338806791872088,1.278700493258472,0.30022594481162934
-4.54637866793659,-5.494354171872964,0.03536410564733663
11.960231738938774,23.1702110959262,3.797535292838574
-32.02985313269312,5.357679504860969,-4.596234934060307
-22.69504912782275,-8.830817984455711,-8.887172944693742
-67.86566058484294,-1.0158427085266672,5.264674509815005
-11.393155101430686,-1.6576645272285044,-0.40396448727704604
134.33243913076993,1.0614264241709603,-4.537073814043914
21.96344008596181,9.99350546949934,-1.1193216871309857
-27.4950326374286,3.4526285836695334,8.860453422371716
-41.625658310249754,0.46669072750466234,5.041481325980378
36.788954887144314,-16.05888324216854,3.898437779879337
17.613348046469525,-8.26364834563686,-2.1686950135793586
50.53143241957567,8.087382557804467,-11.251223641959697
37.1595341738288,-9.322540333998552,-9.476686390512057
-6.12866126053901,4.8684078403516065,-5.863965678143856
-36.987914612211846,-4.278751364975579,1.9053928309721757
77.49847814215795,-11.458279971180376,-3.3478567667404016
-2.4953128153729804,-1.139716397952512,-1.5205209461190308
-53.58054252933188,-5.547962226204256,-6.4822880530584435
-70.29302978578144,7.010652031612527,-0.15891245114243344
-10.79016031898238,-13.927859292088508,2.158954425278763
22.806365567135366,-3.3139247009815005,7.301195986409748
-3.582785941767203,10.59659623226631,0.6717785589093662
50.245311652114566,7.28030475013599,9.411474105754731
-6.493388471710193,10.033828841117964,17.41899645400949
27.21168650733821,-15.17997503877083,5.142328177664293
66.91414692019814,-12.15765527139687,5.793657408351398
-22.73509471158976,-3.8532284710855462,-3.535110404940056
21.299041026638488,-2.032655683185273,-11.8415875652721
-25.66392991000731,-12.728424723879884,-4.629945817959553
-5.204648143899603,-0.9946290631954466,-1.9677228201981856
40.99470029980393,-10.134014952135086,2.8067600360190847
-39.228326024294454,5.619667512336499,-2.4732230681512832
-14.462895490261621,5.048782869905325,-15.379620554878008
-47.17825420041547,11.286497672069219,4.885397998416875
5.217585144604135,-5.56197514722982,-0.7386623021061166
109.96806896553188,20.07010265745281,4.494947518627024
-14.803740584301467,18.55127839130532,2.885373598285601
-10.826022579244832,11.278560981564397,-5.072399554664872
-1.0969104429255276,-1.0052561229220516,13.03578652428698
7.149959648322347,0.14440645704383004,5.528907799654331
35.52050454932437,7.415840686694097,-1.531435281870212
43.45028611160319,7.085565683653733,-7.4933152168825625
-25.588108450287862,5.724537085946516,-2.17149811530613
-32.99357073250303,-2.7369744752037337,-0.4748632160182985
-36.90086458806319,-3.101663199543597,7.973002049541039
-2.976269752745961,2.0563360274571165,-0.358232853380633
-45.49110273673612,-6.200388029601134,1.5139323151872408
-18.225504733527725,-1.2811878655182636,-14.98374569082854
-48.1301797671497,1.7558717918589961,-1.238146573145044
-24.829435739302173,-1.1931772656003365,-9.818797726054866
23.104605082310226,8.12348323773514,8.86951578037022
49.99047264000331,4.557780935690632,1.0067796505627888
14.205218979260131,5.508034901452397,-7.421838676938929
2.7505470018542924,-8.183079872988472,10.273131340125346
25.342303228453257,-0.6191932229508805,7.575660040346452
-0.7451956195260762,-9.000115901301529,2.9653265271041027
-51.44248087258679,-4.148205308894328,9.798404408655404
12.297602389820195,-9.339985865391931,0.8110097604131769
-33.28217910360881,2.5543113479083273,-8.6399155858313
-23.550957163586244,0.27198529821646655,5.360840202637504
8.803699306838599,-11.588345872603863,-1.2440217231392008
-66.43316335886672,5.373933090298892,-1.1239015699764903
-37.50623174896323,-2.7661209035438805,-10.896325241406613
-35.01825224495265,-8.063417488908668,4.781285789933991
10.359435770965442,-5.035825145160412,1.6014692010890936
26.307361873335022,19.06123548197794,-2.885921711817569
27.459422368460736,20.12864879351219,-0.17609883882909225
